0 0.49921875 0.1453125 0.1125 0.08203125
0 0.74375 0.28203125 0.125 0.1078125
0 0.675 0.0984375 0.21328125 0.14453125
0 0.90546875 0.27890625 0.11796875 0.25
0 0.9203125 0.52265625 0.09140625 0.1515625
0 0.1984375 0.30234375 0.05390625 0.06640625
0 0.26328125 0.24921875 0.06171875 0.06953125
0 0.13359375 0.3734375 0.0671875 0.10078125
0 0.32109375 0.571875 0.190625 0.11015625
0 0.134375 0.53046875 0.08203125 0.1453125
0 0.4640625 0.34921875 0.06484375 0.0640625
0 0.325 0.746875 0.14296875 0.10390625
0 0.64609375 0.63359375 0.11171875 0.10390625
0 0.82421875 0.52265625 0.08125 0.0859375
0 0.615625 0.7890625 0.0859375 0.10234375